30
40
   37    38    39     0    40     0     0     0     0     0     0     0     0     0     0     0     0     0     0     0    14    36     0     0    37     0     0     0     0     0
    0     0     0     0     0     0     0     0     0     0     0     0     0     0     0     0     0     0     0     0     0     0    14     0     0     0     0     0     0     0
    0     0     0     0     0     0     0     0     0     0     0     0     0     0     0     0     0     0     0     0    31     0     0     0     0     0     0     0     0     0
    0     0     0     0     0     0     0     0     0     0     0     0     0     0     0     0     0     0     0     0     0     0     0     0    18     0     0     0     9     0
    0     0     0     0     0     0     0     0     0     0     0    34     0     0     0     0     0     0     0     0     0    18     0     0     0     0     0     0     0     0
    0    35     0     0     0     0     0     0     0     0     0     0     0     0     0     0     0     0     0     0     0    20     0     0     0     0     0     0     0     0
    0     0     0     0     0     0     0     0     0     0     0     0     0     0    29     0     0     0     0     0     0     0     0    39     0     0     0     0     0     0
    0     0    28     0     0     0     0     0     0     0     0     0     0     0    32     0     0     0     0     0     0    16     0     0     0     0     0     0     0     0
    0    21     0     0     0     0     6    25     0     0     0     0    10     0    10     0     0     0     0     0     0     0     0     0     0     0     0     0     0     9
    0     0    21     0     0     0     0     0     0     0     0     0    26     0     0     0     0     0     0     0     0     0     0     0     0     0    36     0     0    35
    0     0     0     0     0     0     0     1     0     1     0     0     0     0     0     0     0     0     0     0     0     0     0     0     0     0     0     0     0     0
    0     0    27     0     0     0     2     0     0     0     0     0     0     0     0     0     0     0     0     0     0     0     0     0     0     0     0     0     0     0
    0     0    24     0     0     0     0     0     0     0     0     0     0     0     0     0     0     0     0     0     0     0     0     0     0     0     0     0     0     0
    0     0     0     0     0     0     0     0     7     0     0     0     0     0     0     0     0     0     0     0     0     0     0     0     0     0     0     0     0     0
    0     0     0     0     0     0     0     0     0     0     0     0     0     0     0     0     0     0     0     0     0     0    20     0     0     0     0     0     0     0
    0     0     0     0     0     0     0     2     0     0     6     0     0     0     0     0     0     0     0     0     0     0     0     0     0     0     0     0     0     0
    0     0     0     0     0     0     0    23     0     0     0     0     0     0     0     0     0     0     0     0     0     0     0     0     0     0     0     0     0     0
    0     0     0     0     0     0     0     0     0     0     7     0    25     0     0     0     0     0     0    40     0     0     0    16     0     0    31     0     0     0
    0     0     0     0     0     0     0     0     0     0    29     0     0     0     0     0     0     0     0     0     0     0     0     0     0     0     0     0     0    33
   28     0     0     0     0     0     0    22     0     0     0     0     0     0     0     0     0     0     0     0     0     0     0     0     0     0     0     0     0     0
    5     0     0     0     0     0     0    12     0     0     0     0     0     0     0     0     0     0     0     0     0     0     0     0     0     0     0     0     0     0
    5     0     0     0     0     0     0     0     0     0     0     0     0     0     0     0     0     0     0     0     0     0     0     0     0     0     0     0     0     0
   19     0     0     0     0     0     0     0     0     0     0     0     0     0     0     0     0     0     0     0     0     0     0     0     0     0    38     0     0     0
    0     0     0     0     0     0     0     0     0     0    12     0     0     0     0     0     0     0     0     0     0     0    23    26     0     0     0     0     0     0
    0    27     0     0     0     0     0     0     0     0     0     0     0     0     0     0     0     0     0     0     0     0    22     0     0     0     0     0     0     0
    0     0     0     0     0     0     0     0     0     0     0     0     0     0     0     0     0     0     0     0     0     0     0     0     0     0     0     0     0     0
    0     0     4     0     0     0     0     0    17     0     0     0     0     0     0     0     0     0    11     0     0     0     0     0     0     0     0     0     0    30
    0     0     0    34     0     0     0     0     3     0     0     0     0     0     0     0     0     0     8     0    13    15     0     0     0     0     0     0     0     0
    0     0     0     0     0    32     0     0     0     0     0     0     3     0     0    17     0     8     0     0     0     0     0     0     0     0     0     0     0     0
   19    24     0     4     0     0     0    33    11     0     0     0     0     0     0     0     0     0     0    30     0     0     0     0     0     0     0    13     0    15

Solved field:
   37    38    39    39    40    40    40    40    40    40    40    40    40    40    40    40    40    40    40    40    14    36    36    36    37    37    37    37     0     0
   37    38    38    39    39    39    39    39    39    39    39    39    39    39    39    39    39    39    39    40    14    14    14    36    36    36    36    37     0     0
   37    37    38    38    38    38    38    38    38    38    38    38    38    38    38    38    38    38    39    40    31    31    31    31    31    31    36    37     0     0
    0    37    37    37    37    37    37    37    37    37    37    37    37    37    37    37    37    38    39    40     0    18    18    18    18    31    36    37     9     9
   34    34    34    34    34    34    34    34    34    34    34    34     0     0     0     0    37    38    39    40     0    18     0     0     0    31    36    37     0     9
   34    35    35    35    35    35    35    35    35    35    35    35    35    35    35    35    37    38    39    40     0    20    20    20    20    31    36    37     0     9
   34    34    34    34    29    29    29    29    29    29    29    29    29    29    29    35    37    38    39    40    39    39    39    39    20    31    36    37     0     9
   28    28    28    34    29    32    32    32    32    32    32    32    32    32    32    35    37    38    39    40    39    16    20    20    20    31    36    37     0     9
   28    21    21    34    29    32     6    25    25    25    25    25    10    10    10    35    37    38    39    40    39    16    20     0     0    31    36    37     0     9
   28     0    21    34    29    32     6     6     6     6     6    25    26    26    26    35    37    38    39    40    39    16    20     0     0    31    36    37    35    35
   28     0     0    34    29    32     0     1     1     1     6    25    25     0    26    35    37    38    39    40    39    16    20     0     0    31    31    37    35     0
   28    27    27    34    29    32     2     2     2     2     6     0    25     0    26    35    37    38    39    40    39    16    20     0     0     0    31    37    35     0
   28    27    24    34    29    32     0     0     0     2     6     0    25     0    26    35    37    38    39    40    39    16    20     0     0     0    31    37    35     0
   28    27    24    34    29    32     7     7     7     2     6     0    25     0    26    35    37    38    39    40    39    16    20     0     0     0    31    37    35     0
   28    27    24    34    29    32     7     2     2     2     6     0    25     0    26    35    37    38    39    40    39    16    20     0     0     0    31    37    35     0
   28    27    24    34    29    32     7     2     0     0     6     0    25     0    26    35    37    38    39    40    39    16    16    16     0     0    31    37    35     0
   28    27    24    34    29    32     7    23    23    23    23    23    25     0    26    35    37    38    39    40    39     0     0    16     0     0    31    37    35     0
   28    27    24    34    29    32     7     7     7     7     7    23    25     0    26    35    37    38    39    40    39     0     0    16     0     0    31    37    35     0
   28    27    24    34    29    32    29    29    29    29    29    23    23    23    26    35    37    38    39    39    39     0     0     0     0     0     0    37    35    33
   28    27    24    34    29    32    29    22    22    22    22    22    22    23    26    35    37    38    38    38    38    38    38    38    38    38    38    37    35    33
    5    27    24    34    29    32    29    12    12    12    12     0    22    23    26    35    37    37    37    37    37    37    37    37    37    37    38    37    35    33
    5    27    24    34    29    32    29     0     0     0    12     0    22    23    26    35    35    35    35    35    35    35    35    35    35    37    38    37    35    33
   19    27    24    34    29    32    29     0     0     0    12     0    22    23    26    26    26    26    26    26    26    26    26    26    35    37    38    37    35    33
   19    27    24    34    29    32    29     0     0     0    12     0    22    23    23    23    23    23    23    23    23    23    23    26    35    37    37    37    35    33
   19    27    24    34    29    32    29     0     0     0     0     0    22    22    22    22    22    22    22    22    22    22    22     0    35    35    35    35    35    33
   19    24    24    34    29    32    29    33    33    33    33    33    33    33    33    33    33    33    33    33    33    33    33    33    33    33    33    33    33    33
   19    24     4    34    29    32    29    33    17    17    17    17    17    17    17    17    11    11    11    30    30    30    30    30    30    30    30    30    30    30
   19    24     4    34    29    32    29    33     3     3     3     3     3     0     0    17    11     8     8    30    13    15    15    15    15    15    15    15    15    15
   19    24     4     4    29    32    29    33     0     0     0     0     3     0     0    17    11     8     0    30    13    13    13    13    13    13    13    13     0    15
   19    24     0     4    29    29    29    33    11    11    11    11    11    11    11    11    11     0     0    30     0     0     0     0     0     0     0    13     0    15
