10
15
 0 15  0  0  0  0  0  0  0  0
 0  0  0  0  0  0 14  0  0  0
 0  2  0  0  0 10  0  5  0  0
 0  0  0  8  0  0  0  3  0  0
 0  0  0  0  0  6  0  0  0  0
 0  2 10  6  4  4  8  3  5  0
14  0  0  0  0  0  0  0 13  0
 0  0  0 12  0  0  0  0 11  0
 0  0  0  0  0  9  0 11  1  0
13  9  7  0  0  7 12  1  0 15

Solved field:
 0 15 15 15 15 15 15 15 15 15
14 14 14 14 14 14 14  0  0 15
14  2 10 10 10 10  0  5  5 15
14  2 10  8  8  8  8  3  5 15
14  2 10  6  6  6  8  3  5 15
14  2 10  6  4  4  8  3  5 15
14 13 13 13 13 13 13 13 13 15
13 13  0 12 12 12 12 11 11 15
13  9  9  9  9  9 12 11  1 15
13  9  7  7  7  7 12  1  1 15
